[gd_scene load_steps=33 format=2]

[ext_resource path="res://Scenes/Enemy/TrainingDummy.gd" type="Script" id=2]
[ext_resource path="res://addons/behavior_tree/src/blackboard.gd" type="Script" id=3]
[ext_resource path="res://addons/behavior_tree/src/behavior_tree.gd" type="Script" id=4]
[ext_resource path="res://addons/behavior_tree/src/btnodes/composites/bt_sequence.gd" type="Script" id=5]
[ext_resource path="res://Scripts/Gameplay/btnodes/Leaves/bt_walkTo.gd" type="Script" id=6]
[ext_resource path="res://Scripts/Gameplay/btnodes/Leaves/bt_getTargetOfType.gd" type="Script" id=7]
[ext_resource path="res://Scripts/Networking/EnetAnimationTree.gd" type="Script" id=8]
[ext_resource path="res://Scripts/Gameplay/btnodes/Decorators/bt_isDistanceFromTarget.gd" type="Script" id=9]
[ext_resource path="res://Scripts/Gameplay/btnodes/Leaves/bt_navigateTo.gd" type="Script" id=10]
[ext_resource path="res://addons/behavior_tree/src/btnodes/decorators/bt_repeat_until.gd" type="Script" id=11]
[ext_resource path="res://Scripts/Gameplay/btnodes/Leaves/bt_meleeAttack.gd" type="Script" id=12]
[ext_resource path="res://Scripts/Gameplay/btnodes/Leaves/bt_whenVarEq.gd" type="Script" id=13]
[ext_resource path="res://Scenes/Models/borc_free.tres" type="ArrayMesh" id=14]
[ext_resource path="res://Scenes/Models/hammer.glb" type="PackedScene" id=15]
[ext_resource path="res://Scenes/Models/hammermat.tres" type="Material" id=16]

[sub_resource type="CapsuleShape" id=1]
radius = 1.5

[sub_resource type="AnimationNodeAnimation" id=2]
animation = "NiaRun-loop"

[sub_resource type="AnimationNodeAnimation" id=3]
animation = "NlaIdle-loop"

[sub_resource type="AnimationNodeAnimation" id=4]
animation = "NiaWeaponAttack"

[sub_resource type="AnimationNodeTimeScale" id=5]

[sub_resource type="AnimationNodeBlend2" id=6]

[sub_resource type="AnimationNodeTimeScale" id=7]

[sub_resource type="AnimationNodeTimeScale" id=8]

[sub_resource type="AnimationNodeOneShot" id=9]

[sub_resource type="AnimationNodeBlendTree" id=10]
graph_offset = Vector2( 1, 60 )
nodes/Animation/node = SubResource( 4 )
nodes/Animation/position = Vector2( 0, 460 )
"nodes/Animation 2/node" = SubResource( 2 )
"nodes/Animation 2/position" = Vector2( -320, 340 )
"nodes/Animation 4/node" = SubResource( 3 )
"nodes/Animation 4/position" = Vector2( -100, 200 )
nodes/FreezeScale/node = SubResource( 5 )
nodes/FreezeScale/position = Vector2( 860, 200 )
nodes/Idle_To_Run/node = SubResource( 6 )
nodes/Idle_To_Run/position = Vector2( 80, 200 )
nodes/TimeScale/node = SubResource( 8 )
nodes/TimeScale/position = Vector2( 280, 440 )
"nodes/TimeScale 2/node" = SubResource( 7 )
"nodes/TimeScale 2/position" = Vector2( -100, 320 )
nodes/To_MeleeAttack1/node = SubResource( 9 )
nodes/To_MeleeAttack1/position = Vector2( 400, 200 )
nodes/output/position = Vector2( 1040, 200 )
node_connections = [ "output", 0, "FreezeScale", "FreezeScale", 0, "To_MeleeAttack1", "TimeScale", 0, "Animation", "TimeScale 2", 0, "Animation 2", "Idle_To_Run", 0, "Animation 4", "Idle_To_Run", 1, "TimeScale 2", "To_MeleeAttack1", 0, "Idle_To_Run", "To_MeleeAttack1", 1, "TimeScale" ]

[sub_resource type="Skin" id=11]
bind_count = 37
bind/0/name = "Root"
bind/0/bone = -1
bind/0/pose = Transform( 1, 0, 0, 0, 1, 0, 0, 0, 1, 0, -2.01077, 0 )
bind/1/name = "Spine1"
bind/1/bone = -1
bind/1/pose = Transform( 0.99994, -1.47637e-09, 0.0109883, 0, 1, 1.34359e-07, -0.0109883, -1.34351e-07, 0.99994, 4.445e-09, -3.01077, 4.04499e-07 )
bind/2/name = "Spine2"
bind/2/bone = -1
bind/2/pose = Transform( 0.99994, -0.00173838, 0.0108499, 0, 0.987407, 0.158203, -0.0109883, -0.158194, 0.987347, 0.00627206, -3.56256, 0.570762 )
bind/3/name = "Neck"
bind/3/bone = -1
bind/3/pose = Transform( 0.99994, -0.0109884, -1.6374e-10, -6.5496e-10, -5.9601e-08, 1, -0.0109884, -0.99994, -1.49003e-08, 0.0526993, -0.190326, 4.79561 )
bind/4/name = "Jaw"
bind/4/bone = -1
bind/4/pose = Transform( 0.99994, -0.00696666, -0.0084978, 0, -0.773336, 0.633996, -0.0109885, -0.633958, -0.773289, 0.0436175, 2.9474, 3.96914 )
bind/5/name = "Brow"
bind/5/bone = -1
bind/5/pose = Transform( 0.99994, -0.0102358, 0.00399685, -9.31323e-10, 0.36373, 0.931504, -0.0109885, -0.931448, 0.363708, 0.0442897, -2.86317, 4.03031 )
bind/6/name = "Nose"
bind/6/bone = -1
bind/6/pose = Transform( 0.99994, -0.0108157, -0.00194127, -5.82077e-10, -0.176664, 0.984271, -0.0109885, -0.984212, -0.176653, 0.0542023, -0.334874, 4.93234 )
bind/7/name = "Shoulder.L"
bind/7/bone = -1
bind/7/pose = Transform( -0.263875, -0.934801, -0.237733, 0.962392, -0.271663, -5.21541e-08, -0.0645832, -0.228792, 0.971331, 4.52846, 1.30287, 0.912394 )
bind/8/name = "UpperArm.L"
bind/8/bone = -1
bind/8/pose = Transform( -0.940911, -0.241184, -0.237733, 0.248302, -0.968683, -1.49012e-07, -0.230288, -0.0590298, 0.971331, 2.33593, 3.96785, 0.375774 )
bind/9/name = "LowerArm.L"
bind/9/bone = -1
bind/9/pose = Transform( -0.957305, -0.174472, -0.23049, 0.118736, -0.964282, 0.236773, -0.263568, 0.199296, 0.943829, 2.13757, 2.98872, -0.429403 )
bind/10/name = "Palm.L"
bind/10/bone = -1
bind/10/pose = Transform( -0.971331, -0.0778628, -0.22462, 9.68576e-08, -0.944843, 0.327522, -0.237733, 0.318133, 0.917755, 1.92511, 2.14962, -0.74977 )
bind/11/name = "UpperFingerOne.L"
bind/11/bone = -1
bind/11/pose = Transform( -0.750426, 0.640115, -0.16466, -0.66086, -0.73087, 0.170567, -0.0111627, 0.236816, 0.971491, -0.0703004, 2.65617, -0.978812 )
bind/12/name = "LowerFingerOne.L"
bind/12/bone = -1
bind/12/pose = Transform( -0.966991, 0.121205, -0.224137, -0.0425148, -0.944039, -0.327082, -0.251238, -0.306756, 0.918031, 1.2489, 2.03136, 0.416604 )
bind/13/name = "UpperFingerTwo.L"
bind/13/bone = -1
bind/13/pose = Transform( -0.96375, -0.112466, -0.241943, 0.0702726, -0.981796, 0.176462, -0.257385, 0.153063, 0.954109, 1.99747, 1.97305, -0.36806 )
bind/14/name = "LowerFingerTwo.L"
bind/14/bone = -1
bind/14/pose = Transform( -0.974083, 0.0286499, -0.224371, 0.0472506, -0.944289, -0.325709, -0.221203, -0.327869, 0.918462, 1.74426, 1.84688, 0.479837 )
bind/15/name = "UpperFingerThree.L"
bind/15/bone = -1
bind/15/pose = Transform( -0.70569, -0.658682, -0.261036, 0.659595, -0.745279, 0.09743, -0.25872, -0.103423, 0.9604, 2.78177, 0.489917, 0.200056 )
bind/16/name = "LowerFingerThree.L"
bind/16/bone = -1
bind/16/pose = Transform( -0.975484, -0.0147285, -0.219578, 0.0846443, -0.946115, -0.312574, -0.203142, -0.323497, 0.924167, 2.13445, 1.72217, 0.507839 )
bind/17/name = "Shoulder.R"
bind/17/bone = -1
bind/17/pose = Transform( -0.263875, 0.934801, 0.237733, -0.962392, -0.271663, -3.72529e-08, 0.0645833, -0.228792, 0.971331, -4.52846, 1.30287, 0.912394 )
bind/18/name = "UpperArm.R"
bind/18/bone = -1
bind/18/pose = Transform( -0.940911, 0.241184, 0.237733, -0.248302, -0.968683, -1.67638e-07, 0.230288, -0.0590298, 0.971331, -2.33593, 3.96785, 0.375774 )
bind/19/name = "LowerArm.R"
bind/19/bone = -1
bind/19/pose = Transform( -0.957305, 0.174472, 0.23049, -0.118736, -0.964283, 0.236773, 0.263568, 0.199296, 0.943829, -2.13757, 2.98872, -0.429403 )
bind/20/name = "Palm.R"
bind/20/bone = -1
bind/20/pose = Transform( -0.971331, 0.0778627, 0.22462, 8.9407e-08, -0.944843, 0.327523, 0.237733, 0.318133, 0.917755, -1.92511, 2.14962, -0.74977 )
bind/21/name = "UpperFingerOne.R"
bind/21/bone = -1
bind/21/pose = Transform( -0.750426, -0.640115, 0.16466, 0.66086, -0.73087, 0.170567, 0.0111627, 0.236816, 0.971491, 0.0703004, 2.65617, -0.978813 )
bind/22/name = "LowerFingerOne.R"
bind/22/bone = -1
bind/22/pose = Transform( -0.966991, -0.121206, 0.224137, 0.0425151, -0.944039, -0.327082, 0.251238, -0.306756, 0.918031, -1.2489, 2.03136, 0.416604 )
bind/23/name = "UpperFingerTwo.R"
bind/23/bone = -1
bind/23/pose = Transform( -0.96375, 0.112466, 0.241943, -0.0702725, -0.981796, 0.176462, 0.257385, 0.153063, 0.954109, -1.99747, 1.97305, -0.36806 )
bind/24/name = "LowerFingerTwo.R"
bind/24/bone = -1
bind/24/pose = Transform( -0.974083, -0.0286499, 0.224371, -0.0472504, -0.944289, -0.325709, 0.221203, -0.327869, 0.918462, -1.74426, 1.84689, 0.479837 )
bind/25/name = "UpperFingerThree.R"
bind/25/bone = -1
bind/25/pose = Transform( -0.70569, 0.658682, 0.261036, -0.659595, -0.745279, 0.09743, 0.25872, -0.103423, 0.9604, -2.78177, 0.489917, 0.200056 )
bind/26/name = "LowerFingerThree.R"
bind/26/bone = -1
bind/26/pose = Transform( -0.975484, 0.0147284, 0.219578, -0.0846441, -0.946115, -0.312574, 0.203142, -0.323497, 0.924167, -2.13445, 1.72217, 0.507839 )
bind/27/name = "UpperLeg.L"
bind/27/bone = -1
bind/27/pose = Transform( -0.981735, -0.183299, 0.0509457, 0.189917, -0.960006, 0.205716, 0.0112025, 0.211634, 0.977284, 1.01238, 2.07706, -0.489992 )
bind/28/name = "LowerLeg.L"
bind/28/bone = -1
bind/28/pose = Transform( -0.998819, -0.0485583, 0.000568097, 0.0485612, -0.998752, 0.0116553, 3.22621e-06, 0.0116687, 0.999931, 0.849046, 1.34156, -0.208928 )
bind/29/name = "Foot.L"
bind/29/bone = -1
bind/29/pose = Transform( -0.999999, -3.72568e-07, -1.70249e-07, 1.44207e-06, -0.409591, 0.912269, 7.53573e-07, 0.912269, 0.40959, 0.830149, -0.017596, -0.4592 )
bind/30/name = "UpperLeg.R"
bind/30/bone = -1
bind/30/pose = Transform( -0.981735, 0.183299, -0.0509457, -0.189917, -0.960006, 0.205716, -0.0112025, 0.211634, 0.977284, -1.01238, 2.07706, -0.489992 )
bind/31/name = "LowerLeg.R"
bind/31/bone = -1
bind/31/pose = Transform( -0.998819, 0.0485583, -0.000568097, -0.0485612, -0.998752, 0.0116553, -3.22621e-06, 0.0116687, 0.999931, -0.849046, 1.34156, -0.208928 )
bind/32/name = "Foot.R"
bind/32/bone = -1
bind/32/pose = Transform( -0.999999, 3.72568e-07, 1.70249e-07, -1.44207e-06, -0.409591, 0.912269, -7.53573e-07, 0.912269, 0.40959, -0.830149, -0.017596, -0.4592 )
bind/33/name = "IKTarget.L"
bind/33/bone = -1
bind/33/pose = Transform( -1, 3.56192e-07, -1.57387e-07, 0, -0.404164, -0.914686, -3.89414e-07, -0.914687, 0.404164, 0.83015, 0.353117, 0.294079 )
bind/34/name = "IKLegPole.L"
bind/34/bone = -1
bind/34/pose = Transform( -0.989115, -0.147088, 0.00414332, 8.15534e-07, 0.0281524, 0.999604, -0.147175, 0.988917, -0.0278568, 0.97426, -0.91185, -1.22867 )
bind/35/name = "IKTarget.R"
bind/35/bone = -1
bind/35/pose = Transform( -1, -3.56192e-07, 1.57387e-07, 0, -0.404164, -0.914686, 3.89414e-07, -0.914687, 0.404164, -0.83015, 0.353117, 0.294079 )
bind/36/name = "IKLegPole.R"
bind/36/bone = -1
bind/36/pose = Transform( -0.989115, 0.147088, -0.00414332, -8.15534e-07, 0.0281524, 0.999604, 0.147175, 0.988917, -0.0278568, -0.97426, -0.91185, -1.22867 )

[sub_resource type="BoxShape" id=12]
margin = 0.001
extents = Vector3( 2, 1, 1 )

[sub_resource type="CylinderShape" id=13]
radius = 0.256775
height = 3.34753

[sub_resource type="Animation" id=14]
resource_name = "Nia0TPose"
length = 0.0416667
tracks/0/type = "transform"
tracks/0/path = NodePath("Armature/Skeleton:Jaw")
tracks/0/interp = 1
tracks/0/loop_wrap = true
tracks/0/imported = true
tracks/0/enabled = true
tracks/0/keys = PoolRealArray( 0, 1, 0, 0, 0, 5.96046e-08, -7.63278e-17, -1.16415e-09, 1, 1, 1, 1, 0.0416667, 1, 0, 0, 0, 5.96046e-08, -7.63278e-17, -1.16415e-09, 1, 1, 1, 1 )
tracks/1/type = "transform"
tracks/1/path = NodePath("Armature/Skeleton:Brow")
tracks/1/interp = 1
tracks/1/loop_wrap = true
tracks/1/imported = true
tracks/1/enabled = true
tracks/1/keys = PoolRealArray( 0, 1, 0, 0, 0, -1.49012e-08, 5.82077e-11, 1.01863e-10, 1, 1, 1, 1, 0.0416667, 1, 0, 0, 0, -1.49012e-08, 5.82077e-11, 1.01863e-10, 1, 1, 1, 1 )
tracks/2/type = "transform"
tracks/2/path = NodePath("Armature/Skeleton:Nose")
tracks/2/interp = 1
tracks/2/loop_wrap = true
tracks/2/imported = true
tracks/2/enabled = true
tracks/2/keys = PoolRealArray( 0, 1, 0, 0, 0, 8.07328e-22, -1.45519e-11, -1.54614e-11, 1, 1, 1, 1, 0.0416667, 1, 0, 0, 0, 8.07328e-22, -1.45519e-11, -1.54614e-11, 1, 1, 1, 1 )
tracks/3/type = "transform"
tracks/3/path = NodePath("Armature/Skeleton:Neck")
tracks/3/interp = 1
tracks/3/loop_wrap = true
tracks/3/imported = true
tracks/3/enabled = true
tracks/3/keys = PoolRealArray( 0, 1, 0, 0, 0, 1.49012e-08, 3.49246e-10, -6.98492e-10, 1, 1, 1, 1, 0.0416667, 1, 0, 0, 0, 1.49012e-08, 3.49246e-10, -6.98492e-10, 1, 1, 1, 1 )
tracks/4/type = "transform"
tracks/4/path = NodePath("Armature/Skeleton:LowerFingerOne.L")
tracks/4/interp = 1
tracks/4/loop_wrap = true
tracks/4/imported = true
tracks/4/enabled = true
tracks/4/keys = PoolRealArray( 0, 1, 0, 0, 0, -8.94069e-08, -7.45058e-09, 1.49012e-08, 1, 1, 1, 1, 0.0416667, 1, 0, 0, 0, -8.94069e-08, -7.45058e-09, 1.49012e-08, 1, 1, 1, 1 )
tracks/5/type = "transform"
tracks/5/path = NodePath("Armature/Skeleton:UpperFingerOne.L")
tracks/5/interp = 1
tracks/5/loop_wrap = true
tracks/5/imported = true
tracks/5/enabled = true
tracks/5/keys = PoolRealArray( 0, 1, 0, 0, 0, 1.49012e-08, 1.49012e-08, 1.49012e-08, 1, 1, 1, 1, 0.0416667, 1, 0, 0, 0, 1.49012e-08, 1.49012e-08, 1.49012e-08, 1, 1, 1, 1 )
tracks/6/type = "transform"
tracks/6/path = NodePath("Armature/Skeleton:LowerFingerTwo.L")
tracks/6/interp = 1
tracks/6/loop_wrap = true
tracks/6/imported = true
tracks/6/enabled = true
tracks/6/keys = PoolRealArray( 0, 1, 0, 0, 0, -1.2666e-07, -2.98023e-08, -4.47035e-08, 1, 1, 1, 1, 0.0416667, 1, 0, 0, 0, -1.2666e-07, -2.98023e-08, -4.47035e-08, 1, 1, 1, 1 )
tracks/7/type = "transform"
tracks/7/path = NodePath("Armature/Skeleton:UpperFingerTwo.L")
tracks/7/interp = 1
tracks/7/loop_wrap = true
tracks/7/imported = true
tracks/7/enabled = true
tracks/7/keys = PoolRealArray( 0, 1, 0, 0, 0, -4.47035e-08, 1.49012e-08, 8.88179e-16, 1, 1, 1, 1, 0.0416667, 1, 0, 0, 0, -4.47035e-08, 1.49012e-08, 8.88179e-16, 1, 1, 1, 1 )
tracks/8/type = "transform"
tracks/8/path = NodePath("Armature/Skeleton:LowerFingerThree.L")
tracks/8/interp = 1
tracks/8/loop_wrap = true
tracks/8/imported = true
tracks/8/enabled = true
tracks/8/keys = PoolRealArray( 0, 1, 0, 0, 0, -2.23517e-08, 3.72529e-09, -1.49012e-08, 1, 1, 1, 1, 0.0416667, 1, 0, 0, 0, -2.23517e-08, 3.72529e-09, -1.49012e-08, 1, 1, 1, 1 )
tracks/9/type = "transform"
tracks/9/path = NodePath("Armature/Skeleton:UpperFingerThree.L")
tracks/9/interp = 1
tracks/9/loop_wrap = true
tracks/9/imported = true
tracks/9/enabled = true
tracks/9/keys = PoolRealArray( 0, 1, 0, 0, 0, -8.9407e-08, -1.49012e-08, -2.98023e-08, 1, 1, 1, 1, 0.0416667, 1, 0, 0, 0, -8.9407e-08, -1.49012e-08, -2.98023e-08, 1, 1, 1, 1 )
tracks/10/type = "transform"
tracks/10/path = NodePath("Armature/Skeleton:Palm.L")
tracks/10/interp = 1
tracks/10/loop_wrap = true
tracks/10/imported = true
tracks/10/enabled = true
tracks/10/keys = PoolRealArray( 0, 1, 0, 0, 0, -9.31323e-09, -1.63913e-07, 1.49012e-08, 1, 1, 1, 1, 0.0416667, 1, 0, 0, 0, -9.31323e-09, -1.63913e-07, 1.49012e-08, 1, 1, 1, 1 )
tracks/11/type = "transform"
tracks/11/path = NodePath("Armature/Skeleton:LowerArm.L")
tracks/11/interp = 1
tracks/11/loop_wrap = true
tracks/11/imported = true
tracks/11/enabled = true
tracks/11/keys = PoolRealArray( 0, 1, 0, 0, 0, -2.98023e-08, 4.65661e-10, 2.73576e-09, 1, 1, 1, 1, 0.0416667, 1, 0, 0, 0, -2.98023e-08, 4.65661e-10, 2.73576e-09, 1, 1, 1, 1 )
tracks/12/type = "transform"
tracks/12/path = NodePath("Armature/Skeleton:UpperArm.L")
tracks/12/interp = 1
tracks/12/loop_wrap = true
tracks/12/imported = true
tracks/12/enabled = true
tracks/12/keys = PoolRealArray( 0, 1, 0, 0, 0, -1.49012e-08, -1.86264e-09, -7.68341e-08, 1, 1, 1, 1, 0.0416667, 1, 0, 0, 0, -1.49012e-08, -1.86264e-09, -7.68341e-08, 1, 1, 1, 1 )
tracks/13/type = "transform"
tracks/13/path = NodePath("Armature/Skeleton:Shoulder.L")
tracks/13/interp = 1
tracks/13/loop_wrap = true
tracks/13/imported = true
tracks/13/enabled = true
tracks/13/keys = PoolRealArray( 0, 1, 0, 0, 0, -5.58794e-09, -7.45058e-09, -9.31323e-09, 1, 1, 1, 1, 0.0416667, 1, 0, 0, 0, -5.58794e-09, -7.45058e-09, -9.31323e-09, 1, 1, 1, 1 )
tracks/14/type = "transform"
tracks/14/path = NodePath("Armature/Skeleton:LowerFingerOne.R")
tracks/14/interp = 1
tracks/14/loop_wrap = true
tracks/14/imported = true
tracks/14/enabled = true
tracks/14/keys = PoolRealArray( 0, 1, 0, 0, 0, 2.01166e-07, -1.39698e-08, -4.09782e-08, 1, 1, 1, 1, 0.0416667, 1, 0, 0, 0, 2.01166e-07, -1.39698e-08, -4.09782e-08, 1, 1, 1, 1 )
tracks/15/type = "transform"
tracks/15/path = NodePath("Armature/Skeleton:UpperFingerOne.R")
tracks/15/interp = 1
tracks/15/loop_wrap = true
tracks/15/imported = true
tracks/15/enabled = true
tracks/15/keys = PoolRealArray( 0, 1, 0, 0, 0, 7.45058e-09, -8.32667e-17, -1.11759e-08, 1, 1, 1, 1, 0.0416667, 1, 0, 0, 0, 7.45058e-09, -8.32667e-17, -1.11759e-08, 1, 1, 1, 1 )
tracks/16/type = "transform"
tracks/16/path = NodePath("Armature/Skeleton:LowerFingerTwo.R")
tracks/16/interp = 1
tracks/16/loop_wrap = true
tracks/16/imported = true
tracks/16/enabled = true
tracks/16/keys = PoolRealArray( 0, 1, 0, 0, 0, -3.72529e-09, -2.23517e-08, -2.23517e-08, 1, 1, 1, 1, 0.0416667, 1, 0, 0, 0, -3.72529e-09, -2.23517e-08, -2.23517e-08, 1, 1, 1, 1 )
tracks/17/type = "transform"
tracks/17/path = NodePath("Armature/Skeleton:UpperFingerTwo.R")
tracks/17/interp = 1
tracks/17/loop_wrap = true
tracks/17/imported = true
tracks/17/enabled = true
tracks/17/keys = PoolRealArray( 0, 1, 0, 0, 0, 7.45058e-09, 8.67362e-18, 1.16415e-09, 1, 1, 1, 1, 0.0416667, 1, 0, 0, 0, 7.45058e-09, 8.67362e-18, 1.16415e-09, 1, 1, 1, 1 )
tracks/18/type = "transform"
tracks/18/path = NodePath("Armature/Skeleton:LowerFingerThree.R")
tracks/18/interp = 1
tracks/18/loop_wrap = true
tracks/18/imported = true
tracks/18/enabled = true
tracks/18/keys = PoolRealArray( 0, 1, 0, 0, 0, 7.45059e-09, 3.07336e-08, -2.23517e-08, 1, 1, 1, 1, 0.0416667, 1, 0, 0, 0, 7.45059e-09, 3.07336e-08, -2.23517e-08, 1, 1, 1, 1 )
tracks/19/type = "transform"
tracks/19/path = NodePath("Armature/Skeleton:UpperFingerThree.R")
tracks/19/interp = 1
tracks/19/loop_wrap = true
tracks/19/imported = true
tracks/19/enabled = true
tracks/19/keys = PoolRealArray( 0, 1, 0, 0, 0, 1.49012e-08, -1.49012e-08, 7.07805e-08, 1, 1, 1, 1, 0.0416667, 1, 0, 0, 0, 1.49012e-08, -1.49012e-08, 7.07805e-08, 1, 1, 1, 1 )
tracks/20/type = "transform"
tracks/20/path = NodePath("Armature/Skeleton:Palm.R")
tracks/20/interp = 1
tracks/20/loop_wrap = true
tracks/20/imported = true
tracks/20/enabled = true
tracks/20/keys = PoolRealArray( 0, 1, 0, 0, 0, 4.65665e-10, 8.56817e-08, -5.96046e-08, 1, 1, 1, 1, 0.0416667, 1, 0, 0, 0, 4.65665e-10, 8.56817e-08, -5.96046e-08, 1, 1, 1, 1 )
tracks/21/type = "transform"
tracks/21/path = NodePath("Armature/Skeleton:LowerArm.R")
tracks/21/interp = 1
tracks/21/loop_wrap = true
tracks/21/imported = true
tracks/21/enabled = true
tracks/21/keys = PoolRealArray( 0, 1, 0, 0, 0, -1.49012e-08, -9.31323e-10, -1.28057e-09, 1, 1, 1, 1, 0.0416667, 1, 0, 0, 0, -1.49012e-08, -9.31323e-10, -1.28057e-09, 1, 1, 1, 1 )
tracks/22/type = "transform"
tracks/22/path = NodePath("Armature/Skeleton:UpperArm.R")
tracks/22/interp = 1
tracks/22/loop_wrap = true
tracks/22/imported = true
tracks/22/enabled = true
tracks/22/keys = PoolRealArray( 0, 1, 0, 0, 0, 1.49012e-08, 1.30385e-08, 1.39698e-08, 1, 1, 1, 1, 0.0416667, 1, 0, 0, 0, 1.49012e-08, 1.30385e-08, 1.39698e-08, 1, 1, 1, 1 )
tracks/23/type = "transform"
tracks/23/path = NodePath("Armature/Skeleton:Shoulder.R")
tracks/23/interp = 1
tracks/23/loop_wrap = true
tracks/23/imported = true
tracks/23/enabled = true
tracks/23/keys = PoolRealArray( 0, 1, 0, 0, 0, -5.58794e-09, 1.11759e-08, 4.51691e-08, 1, 1, 1, 1, 0.0416667, 1, 0, 0, 0, -5.58794e-09, 1.11759e-08, 4.51691e-08, 1, 1, 1, 1 )
tracks/24/type = "transform"
tracks/24/path = NodePath("Armature/Skeleton:Spine2")
tracks/24/interp = 1
tracks/24/loop_wrap = true
tracks/24/imported = true
tracks/24/enabled = true
tracks/24/keys = PoolRealArray( 0, 1, 0, 0, 0, -6.61744e-23, 7.27596e-12, 1.09139e-10, 1, 1, 1, 1, 0.0416667, 1, 0, 0, 0, -6.61744e-23, 7.27596e-12, 1.09139e-10, 1, 1, 1, 1 )
tracks/25/type = "transform"
tracks/25/path = NodePath("Armature/Skeleton:Spine1")
tracks/25/interp = 1
tracks/25/loop_wrap = true
tracks/25/imported = true
tracks/25/enabled = true
tracks/25/keys = PoolRealArray( 0, 1, 0, 0, 0, 7.45058e-09, -8.67362e-19, -2.32831e-10, 1, 1, 1, 1, 0.0416667, 1, 0, 0, 0, 7.45058e-09, -8.67362e-19, -2.32831e-10, 1, 1, 1, 1 )
tracks/26/type = "transform"
tracks/26/path = NodePath("Armature/Skeleton:Foot.L")
tracks/26/interp = 1
tracks/26/loop_wrap = true
tracks/26/imported = true
tracks/26/enabled = true
tracks/26/keys = PoolRealArray( 0, 1, 0, 0, 0, 3.71597e-07, -1.02026e-06, -7.30157e-07, 1, 1, 1, 1, 0.0416667, 1, 0, 0, 0, 3.71597e-07, -1.02026e-06, -7.30157e-07, 1, 1, 1, 1 )
tracks/27/type = "transform"
tracks/27/path = NodePath("Armature/Skeleton:LowerLeg.L")
tracks/27/interp = 1
tracks/27/loop_wrap = true
tracks/27/imported = true
tracks/27/enabled = true
tracks/27/keys = PoolRealArray( 0, 1, 0, 0, 0, 4.47035e-08, -7.45058e-08, 9.68576e-08, 1, 1, 1, 1, 0.0416667, 1, 0, 0, 0, 4.47035e-08, -7.45058e-08, 9.68576e-08, 1, 1, 1, 1 )
tracks/28/type = "transform"
tracks/28/path = NodePath("Armature/Skeleton:UpperLeg.L")
tracks/28/interp = 1
tracks/28/loop_wrap = true
tracks/28/imported = true
tracks/28/enabled = true
tracks/28/keys = PoolRealArray( 0, 1, 0, 0, 0, 2.5332e-07, 3.72529e-08, 2.04891e-07, 1, 1, 1, 1, 0.0416667, 1, 0, 0, 0, 2.5332e-07, 3.72529e-08, 2.04891e-07, 1, 1, 1, 1 )
tracks/29/type = "transform"
tracks/29/path = NodePath("Armature/Skeleton:Foot.R")
tracks/29/interp = 1
tracks/29/loop_wrap = true
tracks/29/imported = true
tracks/29/enabled = true
tracks/29/keys = PoolRealArray( 0, 1, 0, 0, 0, 1.89058e-07, 9.69507e-07, 7.59959e-07, 1, 1, 1, 1, 0.0416667, 1, 0, 0, 0, 1.89058e-07, 9.69507e-07, 7.59959e-07, 1, 1, 1, 1 )
tracks/30/type = "transform"
tracks/30/path = NodePath("Armature/Skeleton:LowerLeg.R")
tracks/30/interp = 1
tracks/30/loop_wrap = true
tracks/30/imported = true
tracks/30/enabled = true
tracks/30/keys = PoolRealArray( 0, 1, 0, 0, 0, 1.49012e-08, 1.04308e-07, -5.21541e-08, 1, 1, 1, 1, 0.0416667, 1, 0, 0, 0, 1.49012e-08, 1.04308e-07, -5.21541e-08, 1, 1, 1, 1 )
tracks/31/type = "transform"
tracks/31/path = NodePath("Armature/Skeleton:UpperLeg.R")
tracks/31/interp = 1
tracks/31/loop_wrap = true
tracks/31/imported = true
tracks/31/enabled = true
tracks/31/keys = PoolRealArray( 0, 1, 0, 0, 0, 2.23517e-07, 1.49011e-08, -1.86264e-07, 1, 1, 1, 1, 0.0416667, 1, 0, 0, 0, 2.23517e-07, 1.49011e-08, -1.86264e-07, 1, 1, 1, 1 )
tracks/32/type = "transform"
tracks/32/path = NodePath("Armature/Skeleton:Root")
tracks/32/interp = 1
tracks/32/loop_wrap = true
tracks/32/imported = true
tracks/32/enabled = true
tracks/32/keys = PoolRealArray( 0, 1, 0, 0, 0, 0, 0, 0, 1, 1, 1, 1, 0.0416667, 1, 0, 0, 0, 0, 0, 0, 1, 1, 1, 1 )
tracks/33/type = "transform"
tracks/33/path = NodePath("Armature/Skeleton:IKTarget.L")
tracks/33/interp = 1
tracks/33/loop_wrap = true
tracks/33/imported = true
tracks/33/enabled = true
tracks/33/keys = PoolRealArray( 0, 1, 0, 0, 0, 0, 7.10543e-15, 0, 1, 1, 1, 1, 0.0416667, 1, 0, 0, 0, 0, 7.10543e-15, 0, 1, 1, 1, 1 )
tracks/34/type = "transform"
tracks/34/path = NodePath("Armature/Skeleton:IKLegPole.L")
tracks/34/interp = 1
tracks/34/loop_wrap = true
tracks/34/imported = true
tracks/34/enabled = true
tracks/34/keys = PoolRealArray( 0, 1, -5.96046e-08, 5.96046e-08, 0, -1.19209e-07, 2.67974e-08, -4.42378e-09, 1, 1, 1, 1, 0.0416667, 1, -5.96046e-08, 5.96046e-08, 0, -1.19209e-07, 2.67974e-08, -4.42378e-09, 1, 1, 1, 1 )
tracks/35/type = "transform"
tracks/35/path = NodePath("Armature/Skeleton:IKTarget.R")
tracks/35/interp = 1
tracks/35/loop_wrap = true
tracks/35/imported = true
tracks/35/enabled = true
tracks/35/keys = PoolRealArray( 0, 1, 0, 0, 0, 0, -7.10543e-15, 0, 1, 1, 1, 1, 0.0416667, 1, 0, 0, 0, 0, -7.10543e-15, 0, 1, 1, 1, 1 )
tracks/36/type = "transform"
tracks/36/path = NodePath("Armature/Skeleton:IKLegPole.R")
tracks/36/interp = 1
tracks/36/loop_wrap = true
tracks/36/imported = true
tracks/36/enabled = true
tracks/36/keys = PoolRealArray( 0, 1, 5.96046e-08, 5.96046e-08, -1.19209e-07, -1.19209e-07, -2.67974e-08, 4.42378e-09, 1, 1, 1, 1, 0.0416667, 1, 5.96046e-08, 5.96046e-08, -1.19209e-07, -1.19209e-07, -2.67974e-08, 4.42378e-09, 1, 1, 1, 1 )

[sub_resource type="Animation" id=15]
resource_name = "NiaRun-loop"
length = 1.45833
loop = true
tracks/0/type = "transform"
tracks/0/path = NodePath("Armature/Skeleton:Jaw")
tracks/0/interp = 1
tracks/0/loop_wrap = true
tracks/0/imported = true
tracks/0/enabled = true
tracks/0/keys = PoolRealArray( 0, 1, 0, 1.78814e-07, 0, -0.0642763, 9.69708e-10, 0.000706342, 0.997932, 1, 1, 1, 0.0666667, 1, -9.31323e-10, 5.96046e-08, 5.96046e-08, -0.0739628, 8.22618e-10, 0.000812788, 0.997261, 1, 1, 1, 0.2, 1, -3.72529e-09, 2.38419e-07, 2.38419e-07, -0.164025, 9.73614e-10, 0.00180249, 0.986455, 1, 1, 1, 0.266667, 1, -3.72529e-09, 1.78814e-07, 5.96046e-08, -0.16642, 1.06256e-09, 0.00179808, 0.986053, 1, 1, 1, 0.333333, 1, -9.31323e-10, 2.98023e-07, 1.19209e-07, -0.162183, 1.07654e-09, 0.00169398, 0.986759, 1, 1, 1, 0.4, 1, -3.72529e-09, 1.78814e-07, 2.98023e-07, -0.149589, 8.31541e-10, 0.00155297, 0.988747, 1, 1, 1, 0.466667, 1, -3.72529e-09, 2.38419e-07, 5.96046e-08, -0.126176, 1.11486e-09, 0.00141547, 0.992007, 1, 1, 1, 0.6, 1, -4.65661e-09, 1.19209e-07, -5.96046e-08, -0.0606144, 6.74266e-11, 0.00100474, 0.998161, 1, 1, 1, 0.666667, 1, -2.79397e-09, 2.38419e-07, 5.96046e-08, -0.0455316, 1.14715e-09, 0.000500354, 0.998963, 1, 1, 1, 0.733333, 1, -9.31323e-10, 1.19209e-07, 0, -0.0611353, 8.20079e-10, -0.000323145, 0.998129, 1, 1, 1, 0.8, 1, -1.86265e-09, 0, 5.96046e-08, -0.0956413, 9.72159e-10, -0.00113222, 0.995415, 1, 1, 1, 0.933333, 1, 9.31323e-10, 2.38419e-07, 5.96046e-08, -0.177401, -8.81971e-05, -0.00149198, 0.984137, 1, 1, 1, 1, 1, -6.51926e-09, 1.78814e-07, -4.76837e-07, -0.206816, -0.000281249, -0.001296, 0.978379, 1, 1, 1, 1.06667, 1, -3.72529e-09, 1.78814e-07, 0, -0.219933, -0.000416027, -0.00115941, 0.975514, 1, 1, 1, 1.13333, 1, 0, 2.38419e-07, 5.96046e-08, -0.215406, -0.000367395, -0.00120695, 0.976524, 1, 1, 1, 1.2, 1, -2.79397e-09, 2.38419e-07, 5.96046e-08, -0.193225, -0.000178475, -0.00139359, 0.981154, 1, 1, 1, 1.4, 1, -3.72529e-09, 2.38419e-07, 5.96046e-08, -0.0789944, -1.28071e-10, 3.75652e-05, 0.996875, 1, 1, 1, 1.45833, 1, 0, 1.78814e-07, 0, -0.0642763, 9.69708e-10, 0.000706342, 0.997932, 1, 1, 1 )
tracks/1/type = "transform"
tracks/1/path = NodePath("Armature/Skeleton:Brow")
tracks/1/interp = 1
tracks/1/loop_wrap = true
tracks/1/imported = true
tracks/1/enabled = true
tracks/1/keys = PoolRealArray( 0, 1, 1.86265e-09, -5.96046e-08, 1.19209e-07, -0.0770584, -6.56789e-11, 0.000846806, 0.997026, 1, 1, 1, 1.45833, 1, 1.86265e-09, -5.96046e-08, 1.19209e-07, -0.0770584, -6.56789e-11, 0.000846806, 0.997026, 1, 1, 1 )
tracks/2/type = "transform"
tracks/2/path = NodePath("Armature/Skeleton:Nose")
tracks/2/interp = 1
tracks/2/loop_wrap = true
tracks/2/imported = true
tracks/2/enabled = true
tracks/2/keys = PoolRealArray( 0, 1, 0, 3.57628e-07, -1.49012e-08, -0.143931, 4.77914e-10, 0.00158168, 0.989586, 1, 1, 1, 0.666667, 1, -1.86265e-09, 2.98023e-07, 2.23517e-07, -0.143931, 6.83785e-10, 0.00158168, 0.989586, 1, 1, 1, 0.733333, 1, -9.31323e-10, 1.78814e-07, 2.23517e-07, -0.143931, 5.07324e-10, 0.000781983, 0.989587, 1, 1, 1, 0.8, 1, -2.32831e-09, 5.96046e-08, 2.23517e-07, -0.143931, 3.23511e-10, -0.000625081, 0.989587, 1, 1, 1, 0.866667, 1, -6.75209e-09, 2.98023e-07, 2.23517e-07, -0.143931, 3.38216e-10, -0.00151588, 0.989587, 1, 1, 1, 1.26667, 1, -1.86265e-09, 2.98023e-07, 2.23517e-07, -0.143931, -1.10288e-10, -0.00158168, 0.989586, 1, 1, 1, 1.33333, 1, -1.86265e-09, 4.17233e-07, 2.23517e-07, -0.143931, -7.35252e-11, -0.00108741, 0.989587, 1, 1, 1, 1.4, 1, -1.16415e-09, 2.98023e-07, 3.72529e-07, -0.143931, 4.15417e-10, 0.000652444, 0.989587, 1, 1, 1, 1.45833, 1, 0, 3.57628e-07, -1.49012e-08, -0.143931, 4.77914e-10, 0.00158168, 0.989586, 1, 1, 1 )
tracks/3/type = "transform"
tracks/3/path = NodePath("Armature/Skeleton:Neck")
tracks/3/interp = 1
tracks/3/loop_wrap = true
tracks/3/imported = true
tracks/3/enabled = true
tracks/3/keys = PoolRealArray( 0, 1, -3.72529e-09, -1.19209e-07, 0, -0.121857, 1.31951e-10, 0.0013391, 0.992547, 1, 1, 1, 0.0666667, 1, -2.79397e-09, 2.98023e-08, -1.19209e-07, -0.110995, -1.61066e-10, 0.00121973, 0.99382, 1, 1, 1, 0.2, 1, -4.65661e-09, 5.96046e-08, -1.19209e-07, -0.0089898, 9.60551e-10, 9.87901e-05, 0.99996, 1, 1, 1, 0.266667, 1, -3.72529e-09, 0, 0, -0.00534421, 9.27343e-10, 5.87289e-05, 0.999986, 1, 1, 1, 0.4, 1, -1.86265e-09, -8.9407e-08, 0, -0.00534421, 1.04501e-09, 5.87287e-05, 0.999986, 1, 1, 1, 0.466667, 1, -9.31323e-10, 2.98023e-08, 0, -0.0073485, -1.60587e-10, 8.0753e-05, 0.999973, 1, 1, 1, 0.533333, 1, 1.86265e-09, 8.9407e-08, 0, -0.0344989, 1.35595e-10, 0.00037911, 0.999405, 1, 1, 1, 0.6, 1, 9.31323e-10, 0, 0, -0.0773581, -4.78008e-10, 0.000850093, 0.997003, 1, 1, 1, 0.666667, 1, 1.86265e-09, 0, 0, -0.101636, 6.98471e-10, 0.00111689, 0.994821, 1, 1, 1, 0.733333, 1, -9.31323e-10, -5.96046e-08, 0, -0.0880603, 7.16059e-05, 0.000226084, 0.996115, 1, 1, 1, 0.866667, 1, -9.31323e-10, 0, 0, -0.0318183, 0.000259288, -0.00233573, 0.999491, 1, 1, 1, 0.933333, 1, -1.86265e-09, -1.49012e-07, 1.19209e-07, -0.0144658, 0.000243207, -0.00235987, 0.999893, 1, 1, 1, 1, 1, -9.31323e-10, 5.96046e-08, -1.19209e-07, -0.00682739, 0.000224361, -0.00224863, 0.999974, 1, 1, 1, 1.06667, 1, -9.31323e-10, 0, 0, -0.00541842, 0.000215328, -0.00217058, 0.999983, 1, 1, 1, 1.26667, 1, -9.31323e-10, -5.96046e-08, 0, -0.00534417, 0.00021424, -0.00216011, 0.999983, 1, 1, 1, 1.33333, 1, 2.79397e-09, 2.98023e-08, 0, -0.0235706, 0.000180927, -0.00161481, 0.999721, 1, 1, 1, 1.4, 1, -9.31323e-10, 0, 0, -0.0877477, 6.30368e-05, 0.000311399, 0.996143, 1, 1, 1, 1.45833, 1, -3.72529e-09, -1.19209e-07, 0, -0.121857, 1.31951e-10, 0.0013391, 0.992547, 1, 1, 1 )
tracks/4/type = "transform"
tracks/4/path = NodePath("Armature/Skeleton:LowerFingerOne.L")
tracks/4/interp = 1
tracks/4/loop_wrap = true
tracks/4/imported = true
tracks/4/enabled = true
tracks/4/keys = PoolRealArray( 0, 1, 1.19209e-07, 7.45058e-08, 5.96046e-08, 0.6703, -0.0290902, 0.354373, 0.651361, 1, 1, 1, 0.0666667, 1, -2.98023e-08, -2.98023e-08, 0, 0.660916, -0.0286244, 0.335556, 0.670651, 1, 1, 1, 0.133333, 1, 2.98023e-08, 1.49012e-08, 0, 0.604541, -0.0258795, 0.235153, 0.760633, 1, 1, 1, 0.2, 1, 4.47035e-08, -1.63913e-07, 8.9407e-08, 0.547142, -0.0231436, 0.146832, 0.823736, 1, 1, 1, 0.266667, 1, -1.49012e-08, -1.49012e-08, 1.19209e-07, 0.542343, -0.0229166, 0.139885, 0.828113, 1, 1, 1, 0.4, 1, 2.98023e-08, 1.3411e-07, 8.9407e-08, 0.542343, -0.0229166, 0.139885, 0.828113, 1, 1, 1, 0.466667, 1, 5.96046e-08, -1.3411e-07, 2.98023e-08, 0.538556, -0.0159968, 0.143761, 0.830081, 1, 1, 1, 0.533333, 1, 2.98023e-08, 2.83122e-07, 0, 0.480152, 0.08237, 0.19855, 0.850439, 1, 1, 1, 0.6, 1, 8.9407e-08, -8.9407e-08, 1.19209e-07, 0.355955, 0.255005, 0.29513, 0.849215, 1, 1, 1, 0.666667, 1, -7.45058e-08, -1.49012e-08, 2.08616e-07, 0.246893, 0.37845, 0.373295, 0.810228, 1, 1, 1, 0.733333, 1, 7.45058e-08, 4.47035e-08, 8.9407e-08, 0.242063, 0.436963, 0.417909, 0.758828, 1, 1, 1, 0.8, 1, -2.98023e-08, -4.47035e-08, 1.78814e-07, 0.285215, 0.479316, 0.45269, 0.695688, 1, 1, 1, 0.866667, 1, 5.96046e-08, -2.23517e-07, -2.98023e-08, 0.32133, 0.479372, 0.492707, 0.651298, 1, 1, 1, 0.933333, 1, 0, -1.78814e-07, 2.68221e-07, 0.378535, 0.286627, 0.477949, 0.739, 1, 1, 1, 1, 1, -8.9407e-08, -4.47035e-08, -2.38419e-07, 0.434723, -0.188068, 0.275381, 0.836547, 1, 1, 1, 1.06667, 1, -5.96046e-08, -1.49012e-08, 2.98023e-08, 0.410117, -0.458617, 0.0974624, 0.782289, 1, 1, 1, 1.13333, 1, -5.96046e-08, 1.93715e-07, 2.98023e-08, 0.46809, -0.403679, 0.0660492, 0.783309, 1, 1, 1, 1.2, 1, -7.45058e-08, 7.45058e-08, -5.96046e-08, 0.622081, -0.123592, 0.0367838, 0.772261, 1, 1, 1, 1.26667, 1, 0, 7.45058e-08, 0, 0.69077, 0.131061, 0.039031, 0.710026, 1, 1, 1, 1.33333, 1, -1.04308e-07, 8.9407e-08, -5.96046e-08, 0.68593, 0.167982, 0.125632, 0.696778, 1, 1, 1, 1.4, 1, 0, 0, 2.98023e-08, 0.680887, 0.04393, 0.281813, 0.67457, 1, 1, 1, 1.45833, 1, 1.19209e-07, 7.45058e-08, 5.96046e-08, 0.6703, -0.0290902, 0.354373, 0.651361, 1, 1, 1 )
tracks/5/type = "transform"
tracks/5/path = NodePath("Armature/Skeleton:UpperFingerOne.L")
tracks/5/interp = 1
tracks/5/loop_wrap = true
tracks/5/imported = true
tracks/5/enabled = true
tracks/5/keys = PoolRealArray( 0, 1, 1.63913e-07, -1.15484e-07, 1.3411e-07, 0.342206, 0.295867, 0.123196, 0.883278, 1, 1, 1, 1.45833, 1, 1.63913e-07, -1.15484e-07, 1.3411e-07, 0.342206, 0.295867, 0.123196, 0.883278, 1, 1, 1 )
tracks/6/type = "transform"
tracks/6/path = NodePath("Armature/Skeleton:LowerFingerTwo.L")
tracks/6/interp = 1
tracks/6/loop_wrap = true
tracks/6/imported = true
tracks/6/enabled = true
tracks/6/keys = PoolRealArray( 0, 1, 1.49012e-07, 5.96046e-08, 4.47035e-08, 0.675476, -0.0949013, 0.332348, 0.651361, 1, 1, 1, 0.0666667, 1, 0, 1.49012e-08, 0, 0.665609, -0.0932203, 0.31385, 0.670651, 1, 1, 1, 0.133333, 1, 1.49012e-07, -2.98023e-08, 1.49012e-07, 0.60671, -0.083444, 0.215352, 0.760634, 1, 1, 1, 0.2, 1, -8.9407e-08, 1.49012e-07, -5.96046e-08, 0.547153, -0.0738435, 0.12896, 0.823736, 1, 1, 1, 0.266667, 1, 1.49012e-07, -1.78814e-07, 1.3411e-07, 0.542186, -0.0730519, 0.122174, 0.828113, 1, 1, 1, 0.4, 1, -4.47035e-08, 1.49012e-07, -7.45058e-08, 0.542186, -0.0730518, 0.122174, 0.828113, 1, 1, 1, 0.466667, 1, -5.96046e-08, -2.98023e-08, -2.98023e-08, 0.539009, -0.0657119, 0.126571, 0.830139, 1, 1, 1, 0.533333, 1, 1.19209e-07, 4.47035e-08, 2.23517e-07, 0.489248, 0.03864, 0.188269, 0.850705, 1, 1, 1, 0.6, 1, 2.98023e-08, 1.63913e-07, -1.49012e-07, 0.381678, 0.220634, 0.293697, 0.848165, 1, 1, 1, 0.666667, 1, 2.98023e-08, 1.49012e-08, 2.98023e-08, 0.290224, 0.347491, 0.372223, 0.810228, 1, 1, 1, 0.733333, 1, -1.63913e-07, -5.96046e-08, 1.49012e-08, 0.296412, 0.402124, 0.41454, 0.760653, 1, 1, 1, 0.8, 1, 2.23517e-07, 2.83122e-07, -2.83122e-07, 0.343124, 0.440532, 0.451028, 0.696256, 1, 1, 1, 0.866667, 1, 5.96046e-08, -1.78814e-07, 1.49012e-08, 0.377145, 0.438701, 0.491094, 0.651253, 1, 1, 1, 0.933333, 1, 0, 5.96046e-08, 1.49012e-08, 0.415437, 0.243575, 0.46978, 0.739858, 1, 1, 1, 1, 1, -7.45058e-08, -2.83122e-07, -8.9407e-08, 0.424004, -0.229952, 0.257244, 0.837358, 1, 1, 1, 1.06667, 1, -1.63913e-07, 8.9407e-08, -1.78814e-07, 0.370962, -0.494447, 0.0758284, 0.782406, 1, 1, 1, 1.13333, 1, 3.27826e-07, -3.12924e-07, 1.78814e-07, 0.433392, -0.443936, 0.0443297, 0.783024, 1, 1, 1, 1.2, 1, 2.5332e-07, -1.49012e-07, 1.78814e-07, 0.611881, -0.176567, 0.0166673, 0.77081, 1, 1, 1, 1.26667, 1, -4.47035e-08, -1.49012e-08, -8.9407e-08, 0.701467, 0.0704613, 0.0205797, 0.708912, 1, 1, 1, 1.33333, 1, -7.45058e-08, -1.49012e-08, -4.47035e-08, 0.700207, 0.10353, 0.105437, 0.698481, 1, 1, 1, 1.4, 1, 1.04308e-07, 2.98023e-08, 5.96046e-08, 0.68957, -0.0223027, 0.260026, 0.67556, 1, 1, 1, 1.45833, 1, 1.49012e-07, 5.96046e-08, 4.47035e-08, 0.675476, -0.0949013, 0.332348, 0.651361, 1, 1, 1 )
tracks/7/type = "transform"
tracks/7/path = NodePath("Armature/Skeleton:UpperFingerTwo.L")
tracks/7/interp = 1
tracks/7/loop_wrap = true
tracks/7/imported = true
tracks/7/enabled = true
tracks/7/keys = PoolRealArray( 0, 1, -5.21541e-08, -2.23517e-08, -1.49012e-08, 0.406125, -0.0432049, 0.230251, 0.883278, 1, 1, 1, 1.45833, 1, -5.21541e-08, -2.23517e-08, -1.49012e-08, 0.406125, -0.0432049, 0.230251, 0.883278, 1, 1, 1 )
tracks/8/type = "transform"
tracks/8/path = NodePath("Armature/Skeleton:LowerFingerThree.L")
tracks/8/interp = 1
tracks/8/loop_wrap = true
tracks/8/imported = true
tracks/8/enabled = true
tracks/8/keys = PoolRealArray( 0, 1, -8.9407e-08, -1.3411e-07, 1.2666e-07, 0.677392, -0.119997, 0.320109, 0.651361, 1, 1, 1, 0.0666667, 1, -2.08616e-07, -1.93715e-07, 2.98023e-08, 0.66725, -0.11801, 0.30179, 0.670651, 1, 1, 1, 0.133333, 1, 2.98023e-08, -1.49012e-08, 1.78814e-07, 0.606927, -0.106352, 0.204365, 0.760633, 1, 1, 1, 0.2, 1, 0, -1.19209e-07, 1.2666e-07, 0.546168, -0.0947899, 0.119057, 0.823736, 1, 1, 1, 0.266667, 1, -1.19209e-07, -1.78814e-07, 4.47035e-08, 0.541109, -0.093833, 0.112362, 0.828113, 1, 1, 1, 0.4, 1, -8.9407e-08, -1.49012e-07, 1.04308e-07, 0.541109, -0.093833, 0.112362, 0.828113, 1, 1, 1, 0.466667, 1, -1.19209e-07, -4.17233e-07, -5.21541e-08, 0.538038, -0.0863403, 0.116825, 0.830308, 1, 1, 1, 0.533333, 1, -8.9407e-08, -1.93715e-07, -7.45058e-09, 0.490199, 0.0202514, 0.179387, 0.852711, 1, 1, 1, 0.6, 1, -8.9407e-08, -3.12924e-07, -1.49012e-08, 0.389374, 0.206422, 0.285851, 0.850921, 1, 1, 1, 0.666667, 1, 2.08616e-07, -7.45058e-08, -2.75671e-07, 0.310663, 0.33741, 0.364928, 0.810228, 1, 1, 1, 0.733333, 1, -2.38419e-07, -2.38419e-07, 1.04308e-07, 0.325684, 0.392293, 0.407481, 0.757625, 1, 1, 1, 0.8, 1, -8.9407e-08, -1.04308e-07, 2.08616e-07, 0.372358, 0.428206, 0.443632, 0.693671, 1, 1, 1, 0.866667, 1, 0, -7.45058e-08, -1.49012e-08, 0.403643, 0.425512, 0.481936, 0.650961, 1, 1, 1, 0.933333, 1, 8.9407e-08, 0, 8.19564e-08, 0.433304, 0.230089, 0.459061, 0.740655, 1, 1, 1, 1, 1, -1.19209e-07, 8.9407e-08, 8.9407e-08, 0.419304, -0.244516, 0.249307, 0.837999, 1, 1, 1, 1.06667, 1, -3.57628e-07, -1.3411e-07, -5.96046e-08, 0.352584, -0.508247, 0.0712648, 0.78249, 1, 1, 1, 1.13333, 1, -1.19209e-07, -1.63913e-07, 1.19209e-07, 0.416739, -0.460363, 0.0385099, 0.782886, 1, 1, 1, 1.2, 1, -2.98023e-08, -1.3411e-07, 3.72529e-08, 0.605745, -0.199916, 0.00618813, 0.770109, 1, 1, 1, 1.26667, 1, -1.49012e-07, -1.49012e-07, 1.49012e-08, 0.704451, 0.0431787, 0.00711098, 0.708402, 1, 1, 1, 1.33333, 1, -2.98023e-08, -2.5332e-07, 1.11759e-07, 0.704938, 0.0758379, 0.0916976, 0.699215, 1, 1, 1, 1.4, 1, -1.49012e-07, -1.49012e-08, 8.9407e-08, 0.692567, -0.048595, 0.247129, 0.675957, 1, 1, 1, 1.45833, 1, -8.9407e-08, -1.3411e-07, 1.2666e-07, 0.677392, -0.119997, 0.320109, 0.651361, 1, 1, 1 )
tracks/9/type = "transform"
tracks/9/path = NodePath("Armature/Skeleton:UpperFingerThree.L")
tracks/9/interp = 1
tracks/9/loop_wrap = true
tracks/9/imported = true
tracks/9/enabled = true
tracks/9/keys = PoolRealArray( 0, 1, -1.49012e-07, 1.11759e-07, 0, 0.269398, -0.312011, 0.223368, 0.883278, 1, 1, 1, 1.45833, 1, -1.49012e-07, 1.11759e-07, 0, 0.269398, -0.312011, 0.223368, 0.883278, 1, 1, 1 )
tracks/10/type = "transform"
tracks/10/path = NodePath("Armature/Skeleton:Palm.L")
tracks/10/interp = 1
tracks/10/loop_wrap = true
tracks/10/imported = true
tracks/10/enabled = true
tracks/10/keys = PoolRealArray( 0, 1, -2.98023e-08, -1.19209e-07, -1.19209e-07, 0.10273, 0.213604, -0.0215395, 0.971265, 1, 1, 1, 0.866667, 1, -1.93715e-07, -3.57628e-07, -1.11759e-07, 0.10273, 0.213604, -0.0215395, 0.971265, 1, 1, 1, 0.933333, 1, -8.9407e-08, 5.96046e-08, 6.70552e-08, 0.0578334, 0.223576, -0.105411, 0.967242, 1, 1, 1, 1, 1, -1.04308e-07, -5.96046e-08, -3.72529e-08, -0.0442861, 0.238393, -0.289078, 0.926089, 1, 1, 1, 1.06667, 1, 0, -5.96046e-08, -2.5332e-07, -0.113465, 0.242227, -0.4079, 0.872966, 1, 1, 1, 1.13333, 1, -1.04308e-07, -2.38419e-07, -9.68575e-08, -0.105387, 0.228213, -0.391672, 0.885102, 1, 1, 1, 1.2, 1, -8.9407e-08, -1.19209e-07, -1.3411e-07, -0.0492601, 0.185277, -0.28709, 0.938523, 1, 1, 1, 1.26667, 1, -5.96046e-08, -5.96046e-08, -1.41561e-07, 0.0184836, 0.146949, -0.159427, 0.976037, 1, 1, 1, 1.33333, 1, -1.49012e-08, 0, -1.3411e-07, 0.0699564, 0.148942, -0.0665986, 0.984117, 1, 1, 1, 1.4, 1, -5.96046e-08, 0, -2.23517e-08, 0.0951553, 0.190685, -0.0301727, 0.976563, 1, 1, 1, 1.45833, 1, -2.98023e-08, -1.19209e-07, -1.19209e-07, 0.10273, 0.213604, -0.0215395, 0.971265, 1, 1, 1 )
tracks/11/type = "transform"
tracks/11/path = NodePath("Armature/Skeleton:LowerArm.L")
tracks/11/interp = 1
tracks/11/loop_wrap = true
tracks/11/imported = true
tracks/11/enabled = true
